2023.08.22;21:55:06;AI Doktor;Willkommen, Sie sprechen jetzt mit einem KI-Arzt. Da ich Teil eines wissenschaftlichen Experiments bin, würde es mich freuen, wenn sie sich am Ende des Gesprächs noch einmal die Zeit nehmen einen super kurzen Fragebogen zu beantworten. Tippen sie auf Sprechen um ihre Frage zu stellen und anschließend auf Senden um mir diese zu übermitteln.
2023.08.22;21:55:35;User;woran erkenne ich tripa
2023.08.22;21:55:38;AI Doktor;Hallo. Tripper ist auch als Gonorrhöe bekannt und wird durch eine bakterielle Infektion verursacht. Symptome können Unwohlsein, Brennen beim Wasserlassen und Ausfluss aus der Harnröhre sein. Wenn Sie eine dieser Symptome bemerken, sollten Sie einen Arzt aufsuchen, um eine Diagnose zu erhalten.