2023.08.15;11:12:52;AI Doktor;Willkommen, Sie sprechen jetzt mit einem KI-Arzt. Da ich Teil eines wissenschaftlichen Experiments bin, würde es mich freuen, wenn sie sich am Ende des Gesprächs noch einmal die Zeit nehmen einen super kurzen Fragebogen zu beantworten. Tippen sie auf Sprechen um ihre Frage zu stellen und anschließend auf Senden um mir diese zu übermitteln.
2023.08.15;11:13:28;User;ich möchte wissen was die braunen flecken auf meiner haut bedeuten
2023.08.15;11:13:30;AI Doktor; Ich verstehe. Die braunen Flecken könnten ein Anzeichen für melanozytäre Läsionen, Pigmentflecken, Muttermale oder vielleicht eine andere Hauterkrankung sein. Ich empfehle Ihnen, sich an einen Hautarzt zu wenden, der die Flecken genau untersuchen und eine Diagnose stellen kann.
2023.08.15;11:14:06;User;können sie mir sagen was ein baby in der 38. schwangerschaftswoche schon alles im bauch kann
2023.08.15;11:14:10;AI Doktor; Ja, in der 38. Schwangerschaftswoche ist das Baby normalerweise sehr gut entwickelt und schon bereit, geboren zu werden. Es kann nun feine Unterschiede zwischen Hell und Dunkel sehen und hat in der Regel alle Organe entwickelt. Es hat auch ein Funktionieren des Kreislauf-, Atmungs- und Verdauungssystems. Außerdem hat sein Gehirn begonnen, die Kontrolle über seine Körperfunktionen zu übernehmen.