2023.10.01;13:19:49;AI Doktor;Willkommen, Sie sprechen jetzt mit einem KI-Arzt. Da ich Teil eines wissenschaftlichen Experiments bin, würde es mich freuen, wenn sie sich am Ende des Gesprächs noch einmal die Zeit nehmen einen super kurzen Fragebogen zu beantworten. Tippen sie auf Sprechen um ihre Frage zu stellen und anschließend auf Senden um mir diese zu übermitteln.
2023.10.01;13:20:24;User;hallo ich habe schmerzen in der innenseite meines knies es fühlt sich dick an tut weh beim kniebeugen
2023.10.01;13:20:27;AI Doktor; Hallo, es tut mir leid, dass du Schmerzen hast. Hast du in letzter Zeit irgendetwas gemacht, dass deine Kniesymptome verursacht haben könnte? Eine mögliche Ursache könnte eine Überlastung beim Sport oder bei anderen körperlichen Tätigkeiten sein.
2023.10.01;13:20:51;User;ich habe in der letzten zeit einen umzug bewältigt
2023.10.01;13:20:54;AI Doktor; Verständlich, dass übermäßige körperliche Belastungen wie der Umzug Schmerzen in deinem Knie verursacht haben können. Es ist möglich, dass du eine Meniskusverletzung erlitten hast. Es ist wichtig, dass du dich ärztlich untersuchen lässt, da Meniskusverletzungen einigermaßen kompliziert sind und eine angemessene Behandlung erfordern.
2023.10.01;13:21:23;User;was kann ich tun bis ich einen arzttermin habe
2023.10.01;13:21:26;AI Doktor; In der Zwischenzeit kannst du Schmerzmittel nehmen und die betroffene Stelle mit Eismassage und Kompressionen kühlen, um den Schmerz und die Entzündung zu lindern. Wenn du geschwollene oder gerötete Gelenke hast, solltest du auch Denk an deine Unterschenkelmuskulatur und stelle sicher, dass sie stärker wird, um dein Knie besser zu unterstützen.